Values eval_years=2026-2026 matrix=matrix_2000-2025_a0.10.json baseline=0.495 replacement_baseline=0.437 pitchers=224 min_start_ratio=0.50 metric=war
Pitcher                       ID  Starts    SumWP   AvgWP      WAA      WAR
Jacob Misiorowski         694819      24   16.431   0.685   +4.552   +5.933
Cam Schlittler            693645      27   17.648   0.654   +4.284   +5.838
Cristopher Sánchez        650911      26   16.944   0.652   +4.075   +5.571
Chris Sale                519242      23   14.855   0.646   +3.470   +4.794
Chase Burns               695505      24   15.048   0.627   +3.169   +4.550
Parker Messick            800048      25   15.482   0.619   +3.108   +4.547
Yoshinobu Yamamoto        808967      22   13.923   0.633   +3.034   +4.300
Eduardo Rodriguez         593958      26   15.618   0.601   +2.748   +4.245
Dylan Cease               656302      23   14.269   0.620   +2.885   +4.208
Foster Griffin            656492      25   14.908   0.596   +2.534   +3.972
Troy Melton               675512      15   10.325   0.688   +2.900   +3.763
Drew Rasmussen            656876      24   14.256   0.594   +2.377   +3.758
Sandy Alcantara           645261      27   15.547   0.576   +2.183   +3.737
Nick Martinez             607259      24   14.221   0.593   +2.342   +3.723
Sonny Gray                543243      24   14.170   0.590   +2.291   +3.672
Jesús Luzardo             666200      26   14.917   0.574   +2.048   +3.544
Shohei Ohtani             660271      14    9.580   0.684   +2.651   +3.456
Nolan McLean              690997      25   14.186   0.567   +1.812   +3.250
Walbert Ureña             700712      21   12.408   0.591   +2.013   +3.222
Logan Gilbert             669302      25   14.154   0.566   +1.780   +3.218
Max Meyer                 676974      20   11.943   0.597   +2.044   +3.195
Zack Wheeler              554430      21   12.353   0.588   +1.959   +3.167
José Soriano              667755      25   14.059   0.562   +1.685   +3.124
Braxton Ashcraft          677952      25   13.970   0.559   +1.595   +3.034
Michael King              650633      26   14.331   0.551   +1.462   +2.958
Cade Cavalli              676917      27   14.708   0.545   +1.344   +2.897
Tarik Skubal              669373      19   11.194   0.589   +1.790   +2.883
Michael McGreevy          700241      25   13.813   0.553   +1.438   +2.877
Michael Wacha             608379      25   13.810   0.552   +1.436   +2.875
Andre Pallante            669467      24   13.320   0.555   +1.441   +2.822
Emerson Hancock           676106      23   12.877   0.560   +1.493   +2.816
Kyle Harrison             690986      20   11.497   0.575   +1.597   +2.748
Reid Detmers              672282      26   14.095   0.542   +1.225   +2.721
Justin Wrobleski          680736      20   11.453   0.573   +1.553   +2.704
Payton Tolle              801139      21   11.887   0.566   +1.492   +2.701
Robbie Ray                592662      24   13.196   0.550   +1.317   +2.698
Michael Soroka            647336      17   10.096   0.594   +1.681   +2.659
Shota Imanaga             684007      25   13.591   0.544   +1.217   +2.655
Gavin Williams            668909      26   14.027   0.539   +1.157   +2.654
Kyle Leahy                681517      24   13.142   0.548   +1.263   +2.644
Ryan Weathers             677960      24   12.985   0.541   +1.106   +2.487
Eury Pérez                691587      22   12.044   0.547   +1.155   +2.421
Keider Montero            672456      21   11.564   0.551   +1.170   +2.379
Max Fried                 608331      15    8.924   0.595   +1.499   +2.362
Casey Mize                663554      19   10.662   0.561   +1.257   +2.350
Peter Lambert             663567      22   11.950   0.543   +1.061   +2.327
Logan Webb                657277      23   12.384   0.538   +1.000   +2.323
Joe Ryan                  657746      23   12.381   0.538   +0.996   +2.320
J.T. Ginn                 669372      23   12.330   0.536   +0.945   +2.269
Brandon Pfaadt            694297      13    7.910   0.608   +1.476   +2.224
Clay Holmes               605280      12    7.469   0.622   +1.529   +2.220
Bryce Elder               693821      24   12.636   0.527   +0.757   +2.138
Jacob deGrom              594798      24   12.636   0.527   +0.757   +2.138
Gerrit Cole               543037      16    9.132   0.571   +1.213   +2.133
Martín Pérez              527048      20   10.880   0.544   +0.981   +2.132
Tanner Bibee              676440      26   13.483   0.519   +0.614   +2.110
Davis Martin              663436      24   12.607   0.525   +0.728   +2.109
Bryan Woo                 693433      24   12.602   0.525   +0.723   +2.104
Paul Skenes               694973      26   13.458   0.518   +0.589   +2.085
Griffin Jax               643377      18    9.950   0.553   +1.040   +2.076
Joey Cantillo             676282      27   13.877   0.514   +0.513   +2.067
Kyle Bradish              680694      25   12.982   0.519   +0.608   +2.047
Brandon Young             687064      21   11.232   0.535   +0.838   +2.046
Shane McClanahan          663556      21   11.216   0.534   +0.821   +2.030
Andrew Abbott             671096      26   13.372   0.514   +0.503   +1.999
Framber Valdez            664285      25   12.889   0.516   +0.515   +1.953
Logan Henderson           701656      12    7.182   0.599   +1.243   +1.933
Taj Bradley               671737      25   12.856   0.514   +0.482   +1.920
Sean Burke                680732      22   11.542   0.525   +0.653   +1.919
Anthony Kay               641743      24   12.240   0.510   +0.360   +1.741
George Kirby              669923      24   12.226   0.509   +0.347   +1.728
Trevor Rogers             669432      24   12.161   0.507   +0.281   +1.662
Noah Cameron              702070      24   12.142   0.506   +0.263   +1.644
Jake Bennett              687562      14    7.755   0.554   +0.825   +1.631
Ranger Suarez             624133      22   11.240   0.511   +0.350   +1.616
Dustin May                669160      24   12.095   0.504   +0.215   +1.596
Shane Baz                 669358      25   12.514   0.501   +0.140   +1.579
Grant Holmes              656550      24   12.032   0.501   +0.153   +1.534
Bryce Miller              682243      15    8.093   0.540   +0.668   +1.531
Landen Roupp              694738      25   12.395   0.496   +0.020   +1.459
Nathan Eovaldi            543135      22   11.039   0.502   +0.149   +1.415
Connelly Early            813349      17    8.843   0.520   +0.429   +1.407
Trey Yesavage             702056      18    9.276   0.515   +0.366   +1.402
MacKenzie Gore            669022      27   13.177   0.488   -0.187   +1.366
Kevin Gausman             592332      26   12.699   0.488   -0.170   +1.326
Randy Dobnak              677976       7    4.383   0.626   +0.918   +1.321
Spencer Arrighetti        681293      17    8.747   0.515   +0.333   +1.311
Randy Vásquez             681190      20   10.030   0.501   +0.130   +1.281
Brandon Woodruff          605540       9    5.098   0.566   +0.644   +1.162
Colin Rea                 607067      19    9.469   0.498   +0.065   +1.158
Zac Thornton              804267       9    5.090   0.566   +0.635   +1.153
Tyler Mahle               641816      21   10.324   0.492   -0.070   +1.138
Tyler Glasnow             607192       7    4.147   0.592   +0.682   +1.085
Janson Junk               676083      18    8.939   0.497   +0.030   +1.066
Christian Scott           681035      18    8.895   0.494   -0.014   +1.021
Matthew Boyd              571510      15    7.553   0.504   +0.128   +0.992
Roki Sasaki               808963      22   10.604   0.482   -0.285   +0.981
Bubba Chandler            696149      23   11.038   0.480   -0.346   +0.977
Stephen Kolek             663568      10    5.345   0.534   +0.395   +0.971
Hunter Brown              686613      13    6.655   0.512   +0.220   +0.968
Carlos Rodón              607074      10    5.301   0.530   +0.351   +0.927
Seth Lugo                 607625      26   12.272   0.472   -0.597   +0.899
Tomoyuki Sugano           608372      22   10.392   0.472   -0.497   +0.768
Luis Severino             622663      12    5.998   0.500   +0.059   +0.749
Walker Buehler            621111      25   11.665   0.467   -0.709   +0.729
Will Warren               701542      24   11.223   0.468   -0.656   +0.725
Kumar Rocker              677958      22   10.281   0.467   -0.609   +0.657
Kris Bubic                663460       9    4.579   0.509   +0.125   +0.643
Shane Bieber              669456      11    5.430   0.494   -0.014   +0.619
Gage Jump                 695611      16    7.601   0.475   -0.319   +0.602
Ryne Nelson               669194      15    7.163   0.478   -0.262   +0.601
Mick Abel                 690953       3    1.907   0.636   +0.422   +0.595
Bailey Ober               641927      19    8.841   0.465   -0.563   +0.530
Trevor McDonald           686790      14    6.639   0.474   -0.291   +0.515
Zebby Matthews            805673      17    7.917   0.466   -0.498   +0.480
Nick Lodolo               666157      15    7.040   0.469   -0.384   +0.479
Matthew Liberatore        669461      25   11.379   0.455   -0.996   +0.443
Hunter Dobbins            690928       8    3.928   0.491   -0.031   +0.429
Merrill Kelly             518876      23   10.469   0.455   -0.915   +0.408
Mitch Keller              656605      22   10.004   0.455   -0.885   +0.381
Brady Singer              663903      25   11.311   0.452   -1.063   +0.375
Robert Gasser             688107      15    6.933   0.462   -0.492   +0.371
Jack Flaherty             656427      19    8.668   0.456   -0.737   +0.357
Aaron Civale              650644      15    6.901   0.460   -0.524   +0.339
Andrew Alvarez            674841      11    5.147   0.468   -0.297   +0.336
Eric Lauer                641778      17    7.765   0.457   -0.649   +0.329
Rhett Lowder              695076      19    8.639   0.455   -0.766   +0.328
Blake Snell               605483       3    1.630   0.543   +0.145   +0.317
David Peterson            656849      16    7.303   0.456   -0.617   +0.304
Luis Castillo             622491      20    9.031   0.452   -0.868   +0.283
Hayden Wesneski           669713       5    2.468   0.494   -0.007   +0.281
Jackson Jobe              695549       3    1.591   0.530   +0.106   +0.278
Garrett Crochet           676979       6    2.902   0.484   -0.068   +0.277
George Klassen            691946       5    2.444   0.489   -0.030   +0.257
Cole Ragans               666142       8    3.742   0.468   -0.217   +0.243
Cade Horton               690990       2    1.109   0.555   +0.119   +0.234
Shane Drohan              675660      14    6.355   0.454   -0.574   +0.231
Aaron Nola                605400      26   11.583   0.445   -1.287   +0.209
Spencer Strider           675911       8    3.702   0.463   -0.258   +0.202
David Sandlin             689818       3    1.502   0.501   +0.017   +0.190
Jared Jones               683003      14    6.314   0.451   -0.616   +0.190
Nick Pivetta              601713       4    1.939   0.485   -0.041   +0.189
Mitch Bratt               683352       8    3.672   0.459   -0.288   +0.172
Jacob Lopez               682052      17    7.573   0.445   -0.841   +0.137
Slade Cecconi             677944      21    9.317   0.444   -1.077   +0.131
JP Sears                  676664       6    2.727   0.454   -0.243   +0.102
Quinn Mathews             687273       2    0.975   0.487   -0.015   +0.100
Kent Emanuel              592288       1    0.535   0.535   +0.040   +0.098
Cade Povich               700249       5    2.269   0.454   -0.206   +0.082
Jason Alexander           669920       2    0.944   0.472   -0.046   +0.069
Matt Wilkinson            683363       1    0.504   0.504   +0.009   +0.067
Cody Bradford             674003       3    1.374   0.458   -0.111   +0.062
Dean Kremer               665152      10    4.422   0.442   -0.528   +0.047
Tatsuya Imai              837227      15    6.601   0.440   -0.824   +0.040
Germán Márquez            608566      10    4.404   0.440   -0.545   +0.030
Lucas Giolito             608337       5    2.217   0.443   -0.258   +0.030
Luinder Avila             679883      12    5.263   0.439   -0.677   +0.014
Joe Boyle                 671212       3    1.326   0.442   -0.159   +0.013
Zach Eflin                621107       1    0.440   0.440   -0.055   +0.002
Robby Snelling            702281       1    0.438   0.438   -0.057   +0.000
Cody Ponce                664074       1    0.420   0.420   -0.075   -0.017
Patrick Sandoval          663776       7    3.043   0.435   -0.422   -0.019
Jose Quintana             500779       9    3.909   0.434   -0.546   -0.028
Robert Stock              476594       4    1.712   0.428   -0.268   -0.038
Coleman Crow              689441       4    1.712   0.428   -0.268   -0.038
Freddy Peralta            642547      26   11.306   0.435   -1.563   -0.067
Ethan Pecko               814490       1    0.362   0.362   -0.133   -0.075
Thomas Pannone            623381       1    0.344   0.344   -0.151   -0.094
Mike Paredes              702474       5    2.055   0.411   -0.420   -0.132
Jose Cabrera              703615       4    1.609   0.402   -0.371   -0.141
Chris Bassitt             605135      12    5.107   0.426   -0.832   -0.142
Luis Gil                  661563       4    1.589   0.397   -0.391   -0.161
Connor Prielipp           687570      18    7.676   0.426   -1.233   -0.197
Edward Cabrera            665795      15    6.356   0.424   -1.068   -0.205
Joey Estes                683155       1    0.227   0.227   -0.268   -0.211
Emmet Sheehan             686218      20    8.534   0.427   -1.366   -0.215
Ryan Johnson              696270      12    5.022   0.418   -0.918   -0.227
Kohl Drake                684442       4    1.522   0.381   -0.458   -0.228
Hunter Greene             668881       5    1.940   0.388   -0.534   -0.247
Patrick Corbin            571578      15    6.313   0.421   -1.112   -0.248
Adrian Houser             605288      15    6.299   0.420   -1.126   -0.263
Jack Leiter               683004      15    6.294   0.420   -1.130   -0.267
Brandon Williamson        682227       6    2.355   0.392   -0.615   -0.270
Brendan Beck              694341       1    0.158   0.158   -0.337   -0.279
Justin Verlander          434378       1    0.158   0.158   -0.337   -0.279
AJ Smith-Shawver          700363       2    0.592   0.296   -0.398   -0.283
Jack Kochanowicz          686799      13    5.395   0.415   -1.040   -0.291
Zack Littell              641793      14    5.812   0.415   -1.118   -0.312
Hurston Waldrep           694462       2    0.548   0.274   -0.442   -0.327
Eduardo Rivera            700842       3    0.981   0.327   -0.504   -0.331
Jake Irvin                663623      15    6.229   0.415   -1.196   -0.333
JR Ritchie                702275       8    3.159   0.395   -0.800   -0.340
Yusei Kikuchi             579328       7    2.719   0.388   -0.746   -0.343
Sam Aldegheri             691951       6    2.269   0.378   -0.701   -0.356
Elmer Rodríguez           695684       4    1.380   0.345   -0.599   -0.369
Braxton Garrett           666129       2    0.502   0.251   -0.488   -0.373
Max Scherzer              453286      11    4.427   0.402   -1.018   -0.385
Jackson Kent              800600       2    0.440   0.220   -0.549   -0.434
Shane Smith               681343       3    0.870   0.290   -0.614   -0.442
Carson Whisenhunt         687931       7    2.610   0.373   -0.855   -0.452
Gabriel Hughes            687312       7    2.571   0.367   -0.894   -0.491
Brandon Sproat            687075      19    7.817   0.411   -1.587   -0.494
Ryan Feltner              663372      19    7.807   0.411   -1.597   -0.504
Jordan Wicks              696136       2    0.356   0.178   -0.634   -0.519
Ryan Gusto                687473      12    4.703   0.392   -1.237   -0.546
Lance McCullers Jr.       621121       8    2.888   0.361   -1.072   -0.611
Taijuan Walker            592836       4    1.092   0.273   -0.888   -0.658
Jameson Taillon           592791      17    6.772   0.398   -1.642   -0.664
Carson Palmquist          687223       6    1.943   0.324   -1.026   -0.681
Ronel Blanco              669854       4    1.067   0.267   -0.913   -0.683
Grayson Rodriguez         680570      14    5.437   0.388   -1.492   -0.687
Jeffrey Springs           605488      23    9.341   0.406   -2.043   -0.720
Mike Burrows              681347      17    6.679   0.393   -1.735   -0.757
Trey Gibson               694346       7    2.298   0.328   -1.167   -0.764
Noah Schultz              702273      14    5.360   0.383   -1.570   -0.764
Griffin Canning           656288      11    4.022   0.366   -1.423   -0.790
Sean Sullivan             807743       5    1.388   0.278   -1.086   -0.799
Andrew Painter            691725      16    6.125   0.383   -1.794   -0.874
Chris Paddack             663978       9    2.975   0.331   -1.480   -0.962
Cristian Javier           664299       7    2.082   0.297   -1.383   -0.980
Zac Gallen                668678      19    7.224   0.380   -2.180   -1.087
Simeon Woods Richardson   680573      10    2.974   0.297   -1.975   -1.400
Kyle Freeland             607536      23    8.611   0.374   -2.773   -1.450
Michael Lorenzen          547179      25    9.179   0.367   -3.196   -1.757