Matrix years=2000-2025 alpha=0.10 baseline=0.495 total_starts=123268
          ER=0   ER=1   ER=2   ER=3   ER=4   ER=5   ER=6   ER=7   ER=8   ER=9+  
Outs=0     0.492  0.364  0.312  0.242  0.206  0.158  0.125  0.095  0.088  0.087*
Outs=1     0.492  0.364  0.312  0.242  0.206  0.158  0.125  0.095  0.088  0.087 
Outs=2     0.492  0.364  0.313  0.242  0.206  0.158  0.125  0.095  0.088  0.087 
Outs=3     0.504  0.396  0.313  0.266  0.206  0.158  0.125  0.095  0.088  0.087 
Outs=4     0.504  0.413  0.327  0.268  0.206  0.158  0.125  0.095  0.088  0.087 
Outs=5     0.504  0.413  0.327  0.268  0.206  0.158  0.125  0.095  0.088  0.087 
Outs=6     0.504  0.413  0.344  0.268  0.206  0.158  0.125  0.095  0.088  0.087 
Outs=7     0.504  0.420  0.344  0.268  0.206  0.158  0.125  0.095  0.088  0.087 
Outs=8     0.504  0.420  0.344  0.268  0.206  0.158  0.125  0.095  0.088  0.087 
Outs=9     0.508  0.420  0.344  0.268  0.216  0.158  0.125  0.095  0.088  0.087 
Outs=10    0.508  0.420  0.362  0.282  0.216  0.158  0.125  0.095  0.088  0.087 
Outs=11    0.508  0.440  0.362  0.282  0.216  0.158  0.125  0.095  0.088  0.087 
Outs=12    0.508  0.440  0.362  0.282  0.216  0.158  0.125  0.095  0.088  0.087 
Outs=13    0.518  0.444  0.365  0.291  0.227  0.176  0.133  0.095  0.088  0.087 
Outs=14    0.518  0.444  0.365  0.291  0.236  0.176  0.133  0.099  0.099  0.087 
Outs=15    0.772  0.662  0.535  0.438  0.329  0.234  0.170  0.126  0.108  0.087 
Outs=16    0.801  0.695  0.563  0.452  0.329  0.248  0.170  0.142  0.127  0.121 
Outs=17    0.801  0.695  0.587  0.457  0.344  0.256  0.179  0.142  0.127  0.121 
Outs=18    0.823  0.707  0.587  0.470  0.344  0.256  0.188  0.142  0.127  0.121 
Outs=19    0.854  0.745  0.605  0.494  0.366  0.263  0.196  0.196  0.196  0.196 
Outs=20    0.854  0.752  0.631  0.494  0.379  0.276  0.198  0.198  0.198  0.198 
Outs=21    0.868  0.752  0.631  0.494  0.379  0.276  0.226  0.224  0.224  0.224 
Outs=22    0.889  0.784  0.660  0.518  0.409  0.302  0.270  0.248  0.248  0.248 
Outs=23    0.893  0.794  0.660  0.518  0.409  0.306  0.270  0.248  0.248  0.248*
Outs=24    0.893  0.794  0.660  0.518  0.409  0.306  0.303  0.303  0.303  0.303 
Outs=25    0.893  0.832  0.734  0.689  0.506  0.482  0.443  0.443  0.425* 0.425*
Outs=26    0.893  0.839  0.808  0.689  0.506  0.482  0.443  0.443* 0.425  0.425*
Outs=27+   0.980  0.917  0.808  0.742  0.603  0.531  0.458  0.458* 0.458* 0.458*

* = interpolated (n=0; value comes purely from the monotonic fit)